5.263480488268352329e-08
6.391124659249870091e-08
7.359212182495064314e-08
8.199190141502055661e-08
8.931535857743252886e-08
9.575811082151985653e-08
1.014595028694818780e-07
1.065350328244940533e-07
1.110550924715958243e-07
1.151175093754535655e-07
1.187273161795654624e-07
1.219919859206063845e-07
1.249003686373908882e-07
1.275293923876556356e-07
1.298919585493882853e-07
1.319892600114113024e-07
1.338833540898242397e-07
1.355788598302906436e-07
1.370792825930564410e-07
1.384106773423798236e-07
1.395960815183792444e-07
1.406416734602944867e-07
1.415533771938137791e-07
1.423488008560838537e-07
1.430229877060821141e-07
1.436029381885927383e-07
1.440891730509289210e-07
1.444844216284995359e-07
1.448022659791978905e-07
1.450304346785242475e-07
1.451971572820459971e-07
1.452993564355467806e-07
1.453415777292338580e-07
1.453279396364025677e-07
1.452586670348870640e-07
1.451366050160883926e-07
1.449706138198466115e-07
1.447641499386215839e-07
1.445188368518252339e-07
1.442365194445932196e-07
1.439193984492115301e-07
1.435695516469318362e-07
1.431882299611742980e-07
1.427771436374470831e-07
1.423401845871090241e-07
1.418812288840747353e-07
1.414008746059403742e-07
1.408992425362981439e-07
1.403779321113811595e-07
1.398385784851345109e-07
1.392813768684077201e-07
1.387070055184136419e-07
1.381183425369786441e-07
1.375182632556718150e-07
1.369071532726458193e-07
1.362847760917913331e-07
1.356515865948428199e-07
1.350083580370568861e-07
1.343562627822692445e-07
1.336965440770705977e-07
1.330298525191820819e-07
1.323567289745124824e-07
1.316776223994732067e-07
1.309931496500332785e-07
1.303038116115573935e-07
1.296102101600067220e-07
1.289129230152416660e-07
1.282125428453921031e-07
1.275096622417691962e-07
1.268048322650844424e-07
1.260983789217126559e-07
1.253905723438263138e-07
1.246817120932120503e-07
1.239719969086525878e-07
1.232617746528521889e-07
1.225513649148855739e-07
1.218410203487357782e-07
1.211310937908068682e-07
1.204218955359371291e-07
1.197137084652814799e-07
1.190068607372318246e-07
1.183015523905430020e-07
1.175979040162790611e-07
1.168961739769295614e-07
1.161964567526330345e-07
1.154989836852993235e-07
1.148038915283705252e-07
1.141113173415873643e-07
1.134213581423958423e-07
1.127340983375620123e-07
1.120496493254837372e-07
1.113681097463922843e-07
1.106896175439605163e-07
1.100142332411200315e-07
1.093421081944812879e-07
1.086733423373770672e-07
1.080080361609335815e-07
1.073463032559480130e-07
1.066882699401539018e-07
1.060340233977357280e-07
1.053835818281790407e-07
1.047370357563075672e-07
1.040943650084484450e-07
1.034556114103955645e-07
1.028208047919791360e-07
1.021899753048323669e-07
1.015631653062302407e-07
1.009404290022047576e-07
1.003217498834024833e-07
9.970720627860754630e-08
9.909680607869265787e-08
9.849059264990252667e-08
9.788860289006220388e-08
9.729083634060282201e-08
9.669730903192339277e-08
9.610799172500204528e-08
9.552286723864246210e-08
9.494198575435393993e-08
9.436530792889174672e-08
9.379283951842048999e-08
9.322460819089938554e-08
9.266057593074377601e-08
9.210078143179813808e-08
9.154519821982293718e-08
9.099382198400458043e-08
9.044668841174984496e-08
8.990375816577760038e-08
8.936502142483325574e-08
8.883046841417770937e-08
8.830007903817995577e-08
8.777384379663327120e-08
8.725175323281392414e-08
8.673380812025085147e-08
8.621995840068175608e-08
8.571022548421515915e-08
8.520458006338577775e-08
8.470300328942440677e-08
8.420551616155598137e-08
8.371207633298870227e-08
8.322265685519850338e-08
8.273722715449240178e-08
8.225575670008478175e-08
8.177820538899058546e-08
8.130454293941479951e-08
8.083475811991350590e-08
8.036878259644458919e-08
7.990662411987391723e-08
7.944820551895044522e-08
7.899353435035282771e-08
7.854256192354669032e-08
7.809524000214886559e-08
7.765157719162548153e-08
7.721150583362881746e-08
7.677504221012187942e-08
7.634214791197230327e-08
7.591280283160963795e-08
7.548696911708749474e-08
7.506467119412540820e-08
7.464583586731585514e-08
7.423046105308742106e-08
7.381854430483018498e-08
7.341003095195101070e-08
7.300491869173306081e-08
7.260318776521376836e-08
7.220481678413938569e-08
7.180976931401926883e-08
7.141801588873128024e-08
7.102954380193303996e-08
7.064429007275246745e-08
7.026224213183958155e-08
6.988337884106620816e-08
6.950764614618543507e-08
6.913503127614926783e-08
6.876551302920887446e-08
6.839904586921936762e-08
6.803558462256143507e-08
6.767513233674183053e-08
6.731764434370917494e-08
6.696307853407431801e-08
6.661144081789470418e-08
6.626267396461314504e-08
6.591676804683955820e-08
6.557370509823790582e-08
6.523344393213469634e-08
6.489595134962033513e-08
6.456122478174717823e-08
6.422920817665639647e-08
6.389990641580204125e-08
6.357327878567464703e-08
6.324928489355584540e-08
6.292793703335966720e-08
6.260915973784016587e-08
6.229297454523633800e-08
6.197935092821254626e-08
6.166822941378610680e-08
6.135963091520633715e-08
6.105351064724089836e-08
6.074984577595816607e-08
6.044861347868563521e-08
6.014979094390589373e-08
5.985336950106003890e-08
5.955929803207471558e-08
5.926758195042836042e-08
5.897816984407841499e-08
5.869105006461494420e-08
5.840621011464960968e-08
5.812359606711604703e-08
5.784319551325971017e-08
5.756498219699152153e-08
5.728891634274101365e-08
5.701500557324646416e-08
5.674318316902487808e-08
5.647344320994968030e-08
5.620575949085793529e-08
5.594009920945800479e-08
5.567643627331518670e-08
5.541475991697138189e-08
5.515502895497662464e-08
5.489725031695436091e-08
5.464141766597863235e-08
5.438749242616557635e-08
5.413547487828970733e-08
5.388535233872691602e-08
5.363712480492331866e-08
5.339075419695744691e-08
5.314624058210735427e-08
5.290357130009873801e-08
5.266273369638744017e-08
5.242372131752057107e-08
5.218650162252822692e-08
5.195108014268942211e-08
5.171741787532909175e-08
5.148548832397206731e-08
5.125528328077203845e-08
5.102678829603384889e-08
5.079996479993939774e-08
5.057480444026498013e-08
5.035129270665839135e-08
5.012939721170722549e-08
4.990909168257389014e-08
4.969036757874774646e-08
4.947319861149394872e-08
4.925757717743459327e-08
4.904346510600611758e-08
4.883087193014276543e-08
4.861976654323310553e-08
4.841014676320416269e-08
4.820199311458198971e-08
4.799529189973051055e-08
4.779004072854923674e-08
4.758620325544825109e-08
4.738378835431721826e-08
4.718275987833799357e-08
4.698312651854238521e-08
4.678485232414432604e-08
4.658793492947708482e-08
4.639237236750362303e-08
4.619812984748443492e-08
4.600521648488430518e-08
4.581359767816422016e-08
4.562328236812873926e-08
4.543423613987994489e-08
4.524645705552627580e-08
4.505993234079940431e-08
4.487465453409676257e-08
4.469060022690465945e-08
4.450776198567386125e-08
4.432611655866814402e-08
4.414567242989366396e-08
4.396639700630082886e-08
4.378828934529176753e-08
4.361135350008243127e-08
4.343553673505741869e-08
4.326086377384898833e-08
4.308731287306943723e-08
4.291486245584942835e-08
4.274351640404229285e-08
4.257325316570367709e-08
4.240405637053583834e-08
4.223593472558537051e-08
4.206885678768292835e-08
4.190282686726559862e-08
4.173781732385303931e-08
4.157384583745003253e-08
4.141089048685380964e-08
4.124894423252037390e-08
4.108799517205268609e-08
4.092804601594346531e-08
4.076909449901610968e-08
4.061112385942207630e-08
4.045412227547374122e-08
4.029809708539823472e-08
4.014303164390706556e-08
3.998891418837143280e-08
3.983575065383932995e-08
3.968350889573597375e-08
3.953219794469019426e-08
3.938178917044215053e-08
3.923225880359555556e-08
3.908361098661037401e-08
3.893582191866813617e-08
3.878887253404922712e-08
3.864276214337491869e-08
3.849746705666605801e-08
3.835297280760021883e-08
3.820925588090562949e-08
3.806632445750331552e-08
3.792415309713715121e-08
3.778273162688814974e-08
3.764207940565294834e-08
3.750218887548097986e-08
3.736306146241216507e-08
3.722468977409889171e-08
3.708710169379919025e-08
3.695026343825974824e-08
3.681419843326916951e-08
3.667891240367355438e-08
3.654439802413842135e-08
3.641064809691495009e-08
3.627768133693568725e-08
3.614548854445859776e-08
3.601405276017181371e-08
3.588338068598861097e-08
3.575344489079271925e-08
3.562425195591254009e-08
3.549577457534675531e-08
3.536801921117467634e-08
3.524095868109598100e-08
3.511459932923763190e-08
3.498891824154081207e-08
3.486390920769161954e-08
3.473956184296968495e-08
3.461586576386373215e-08
3.449281185643680550e-08
3.437038793528743125e-08
3.424860755073394177e-08
3.412745166951647390e-08
3.400693372834112859e-08
3.388703882549420619e-08
3.376776823726275009e-08
3.364911919621435568e-08
3.353108893553734125e-08
3.341366676871315424e-08
3.329686579836536261e-08
3.318067531150364894e-08
3.306508862472349916e-08
3.295009857029213478e-08
3.283571533788174920e-08
3.272191733464539643e-08
3.260871410471328263e-08
3.249608801615988999e-08
3.238403695210036878e-08
3.227255491787209667e-08
3.216163210713381464e-08
3.205126636527278652e-08
3.194145169974439590e-08
3.183217457160300488e-08
3.172344410979902294e-08
3.161524300311700538e-08
3.150756169989479012e-08
3.140040985267154428e-08
3.129377107732794588e-08
3.118764393150575945e-08
3.108201586815197487e-08
3.097690014860458649e-08
3.087226586371033963e-08
3.076812987412963651e-08
3.066447602431273941e-08
3.056130280050076396e-08
3.045860502928467336e-08
3.035637393850214307e-08
3.025460797941376688e-08
3.015329586506025367e-08
3.005245549095431809e-08
2.995206293096971261e-08
2.985214060861987385e-08
2.975267891157200566e-08
2.965368243434749708e-08
2.955514521053025297e-08
2.945707883260242285e-08
2.935948082765988682e-08
2.926234529908274617e-08
2.916568373576483594e-08
2.906949714761123069e-08
2.897376936455097420e-08
2.887852118406136081e-08
2.878373868460635007e-08
2.868942075807229740e-08
2.859555607790986964e-08
2.850215030843935254e-08
2.840919887384723110e-08
2.831668040669491077e-08
2.822461058177257350e-08
2.813297478220094241e-08
2.804176517359172144e-08
2.795099054116217676e-08
2.786063636691779850e-08
2.777069814347580802e-08
2.768117490089217982e-08
2.759205682383745076e-08
2.750335074709649677e-08
2.741504712025719769e-08
2.732714620146713459e-08
2.723964497641670063e-08
2.715253721027327522e-08
2.706581992031756370e-08
2.697948692347599222e-08
2.689354802915146671e-08
2.680799062322646188e-08
2.672281172382470581e-08
2.663801150935003810e-08
2.655358063280826882e-08
2.646952538764984178e-08
2.638584252236815813e-08
2.630251318370304740e-08
2.621955293263346030e-08
2.613694298513871702e-08
2.605469875563854593e-08
2.597279844775245083e-08
2.589124200067498045e-08
2.581003850165351240e-08
2.572917551593495257e-08
2.564864985342987989e-08
2.556846135789582446e-08
2.548860753169655829e-08
2.540907971490378295e-08
2.532989713012379152e-08
2.525104282158086690e-08
2.517252096544727217e-08
2.509434463332935043e-08
2.501650597018383109e-08
2.493900610944104856e-08
2.486185208478734655e-08
2.478503026970908734e-08
2.470855947127366173e-08
2.463243197250176081e-08
2.455664890682358001e-08
2.448121073583241723e-08
2.440611813022974221e-08
2.433136816625494146e-08
2.425695504189266036e-08
2.418287586038294957e-08
2.410912772508369988e-08
2.403571059191622661e-08
2.396262153853754835e-08
2.388984913737306304e-08
2.381740750363392022e-08
2.374527673033471722e-08
2.367345678255085625e-08
2.360195599460591656e-08
2.353076319178940990e-08
2.345987635306731054e-08
2.338929363230703716e-08
2.331901871877593738e-08
2.324903591988440462e-08
2.317935997096904182e-08
2.310998072340118300e-08
2.304089633161465377e-08
2.297210495011303096e-08
2.290360745198555368e-08
2.283539654677320368e-08
2.276747852062693308e-08
2.269984609150048133e-08
2.263249728309981183e-08
2.256542959381865318e-08
2.249864306139577418e-08
2.243212970400338404e-08
2.236589487725554192e-08
2.229993060758155257e-08
2.223423426270098624e-08
2.216880321042812204e-08
2.210363744252472083e-08
2.203872907160753603e-08
2.197408331438017812e-08
2.190969229151123615e-08
2.184555337146707557e-08
2.178166473594316160e-08
2.171803297564705855e-08
2.165464743935310882e-08
2.159152582120613498e-08
2.152866263393647303e-08
2.146606012484165596e-08
2.140372054114221619e-08
2.134164612998156974e-08
2.127984419112106243e-08
2.121830433252841887e-08
2.115704393744465106e-08
2.109605767385680385e-08
2.103534778871943139e-08
2.097491543130545468e-08
2.091475736045899765e-08
2.085486923754325155e-08
2.079524919304638753e-08
2.073589286753744754e-08
2.067679344695516964e-08
2.061794169743854855e-08
2.055934796918229184e-08
2.050099323664723505e-08
2.044287805834994639e-08
2.038500051737735941e-08
2.032735142890253448e-08
2.026993369671502349e-08
2.021273903006095438e-08
2.015576752632416832e-08
2.009902016968104792e-08
2.004250270398680360e-08
1.998620658060407124e-08
1.993013992326153020e-08
1.987429897630010665e-08
1.981869180363526491e-08
1.976331465632124631e-08
1.970816851848168581e-08
1.965325437421012222e-08
1.959857786214087819e-08
1.954413064426998983e-08
1.948991991156993778e-08
1.943593813798154094e-08
1.938218858195722051e-08
1.932866294923033970e-08
1.927535757447697863e-08
1.922226879248099903e-08
1.916939293813408401e-08
1.911673088687259435e-08
1.906426761649819717e-08
1.901201306496822705e-08
1.895995675709137405e-08
1.890809502843601122e-08
1.885641973590249403e-08
1.880494187238813376e-08
1.875365044140435825e-08
1.870255358226814819e-08
1.865165495541971935e-08
1.860096043032059607e-08
1.855047364925955783e-08
1.850019166300298734e-08
1.845012693234204613e-08
1.840027871105906448e-08
1.835065065912526328e-08
1.830124643641086799e-08
1.825207403827540786e-08
1.820312844160994645e-08
1.815441776861861298e-08
1.810593115652636291e-08
1.805766647165381068e-08
1.800961081673244317e-08
1.796175560717397911e-08
1.791409225861839275e-08
1.786661218693397010e-08
1.781930680821726595e-08
1.777216753879313362e-08
1.772519000595870729e-08
1.767835509408665148e-08
1.763166683582215987e-08
1.758511033238173413e-08
1.753867567601772780e-08
1.749237683464702549e-08
1.744621809563666650e-08
1.740020792368538583e-08
1.735435890613813808e-08
1.730867125070461720e-08
1.726315755516406563e-08
1.721782832860134687e-08
1.717268793877573144e-08
1.712775096886761797e-08
1.708302179169748745e-08
1.703850887038282980e-08
1.699422066783192441e-08
1.695016317724172884e-08
1.690633251371346450e-08
1.686272232297262806e-08
1.681932625090160258e-08
1.677614192935896734e-08
1.673315303489841006e-08
1.669036515611722793e-08
1.664776596093140215e-08
1.660534515080069310e-08
1.656310427335652833e-08
1.652103302030741649e-08
1.647912503890323561e-08
1.643737397654470840e-08
1.639577466296446312e-08
1.635433054254769896e-08
1.631303457456627372e-08
1.627189526168238321e-08
1.623090367400114653e-08
1.619007213655476848e-08
1.614939175342091745e-08
1.610887094946218693e-08
1.606850661851706142e-08
1.602829950130276067e-08
1.598825033851953400e-08
1.594835987085069339e-08
1.590862883896258037e-08
1.586906144290115774e-08
1.582964931540189705e-08
1.579039510892946401e-08
1.575129956723695364e-08
1.571235781517602817e-08
1.567357432563180615e-08
1.563494422823253404e-08
1.559646639550507005e-08
1.555813600292420565e-08
1.551995932627107884e-08
1.548193153198262300e-08
1.544405516271131035e-08
1.540632174210659089e-08
1.536873391653416557e-08
1.533129103210320074e-08
1.529399616406540471e-08
1.525683966271714909e-08
1.521983185906404345e-08
1.518296674237960806e-08
1.514624015420739634e-08
1.510965874301122434e-08
1.507321834164994060e-08
1.503691839111352064e-08
1.500075833240357346e-08
1.496473760653335478e-08
1.492885565452777361e-08
1.489311189634046266e-08
1.485750919854901154e-08
1.482203980542201978e-08
1.478670657092581190e-08
1.475151056255783155e-08
1.471644758496250130e-08
1.468152219904812218e-08
1.464673021373999482e-08
1.461206747104576565e-08
1.457754023938904102e-08
1.454314435258508214e-08
1.450887912542055783e-08
1.447474387269575894e-08
1.444073792328725934e-08
1.440686066233518594e-08
1.437311490512083624e-08
1.433949321076426371e-08
1.430599840257463308e-08
1.427263327203740959e-08
1.423938873388585661e-08
1.420627435231752737e-08
1.417328106968362461e-08
1.414041503050910552e-08
1.410767225769552784e-08
1.407505215065224305e-08
1.404255077113588605e-08
1.401017420562261330e-08
1.397791852836527555e-08
1.394578316303645658e-08
1.391377084043712571e-08
1.388187436246105272e-08
1.385009646752485864e-08
1.381843657934468329e-08
1.378689739867048917e-08
1.375547178774041034e-08
1.372416408587907275e-08
1.369297045100426701e-08
1.366189518904256659e-08
1.363093122168770555e-08
1.360008446418334069e-08
1.356935111303493380e-08
1.353873061612816226e-08
1.350822242135862134e-08
1.347782277292516565e-08
1.344753753334115623e-08
1.341736612897876353e-08
1.338730162191322829e-08
1.335734665661218792e-08
1.332750068103093533e-08
1.329776314313469949e-08
1.326813664486076802e-08
1.323861431926654336e-08
1.320919878226047967e-08
1.317989108297303924e-08
1.315069070056081400e-08
1.312159243546973867e-08
1.309260202261221524e-08
1.306371582553893584e-08
1.303493023527266530e-08
1.300625094555751953e-08
1.297767434060498523e-08
1.294919991010016963e-08
1.292082714373690010e-08
1.289255553121772084e-08
1.286438456225387303e-08
1.283631373135084733e-08
1.280834255216475858e-08
1.278047358140898972e-08
1.275270025442518932e-08
1.272502513455597419e-08
1.269745075884053587e-08
1.266997060211206923e-08
1.264258871074301221e-08
1.261530159444750315e-08
1.258811327037719618e-08
1.256102025156763443e-08
1.253401907682301241e-08
1.250711523069991285e-08
1.248030525009993544e-08
1.245358867607810688e-08
1.242696505418493566e-08
1.240043392997828226e-08
1.237399484902332271e-08
1.234764735689256190e-08
1.232139099916584015e-08
1.229522532143031500e-08
1.226914986928048274e-08
1.224316418831816851e-08
1.221727072877709875e-08
1.219146322090063412e-08
1.216574412108208496e-08
1.214011586606303145e-08
1.211457224676436699e-08
1.208911716710560873e-08
1.206374732428522228e-08
1.203846659505273682e-08
1.201327167969153345e-08
1.198815930244967954e-08
1.196313474428633935e-08
1.193819472350352311e-08
1.191333881462402483e-08
1.188856659217708057e-08
1.186387763069840159e-08
1.183926868980960862e-08
1.181474498651218652e-08
1.179030611185906510e-08
1.176594606878026507e-08
1.174166728169286517e-08
1.171746936591933725e-08
1.169335193678800630e-08
1.166931738421828932e-08
1.164535976869384914e-08
1.162148148585041546e-08
1.159768490862376767e-08
1.157396413157331532e-08
1.155032290646642775e-08
1.152675809953232390e-08
1.150327343836742107e-08
1.147986306778179021e-08
1.145653207440176207e-08
1.143327734490349915e-08
1.141009578808374862e-08
1.138699245741263817e-08
1.136396425619606858e-08
1.134101080630843065e-08
1.131813172962949353e-08
1.129532664804441959e-08
1.127259518344373959e-08
1.124993695772338247e-08
1.122735159278465220e-08
1.120483871852131667e-08
1.118239799678061632e-08
1.116002909740162024e-08
1.113773169022811081e-08
1.111550808824561835e-08
1.109335266977430300e-08
1.107126775308471581e-08
1.104925563544984982e-08
1.102731072670694868e-08
1.100543794637296497e-08
1.098363041921360462e-08
1.096189565839786661e-08
1.094022680681687834e-08
1.091862874333892792e-08
1.089709853494445991e-08
1.087563326983733193e-08
1.085423779989398901e-08
1.083290920823187411e-08
1.081164459825793480e-08
1.079044879143421236e-08
1.076931888612886877e-08
1.074825455676821406e-08
1.072725547778291252e-08
1.070632132360794303e-08
1.068545176868260235e-08
1.066464648745053490e-08
1.064390516214093642e-08
1.062322750611210864e-08
1.060261324050734214e-08
1.058206460297745396e-08
1.056157627680160009e-08
1.054115050451677496e-08
1.052078700728102769e-08
1.050048800339299704e-08
1.048024821493943764e-08
1.046007235258745877e-08
1.043995515765093191e-08
1.041989884363821514e-08
1.039990436835806826e-08
1.037996897726166789e-08
1.036009609379920166e-08
1.034028296529273680e-08
1.032052685791343918e-08
1.030083240574670023e-08
1.028119687028047868e-08
1.026161753168288358e-08
1.024209899603493798e-08
1.022263853886347357e-08
1.020323588077204227e-08
1.018389074236762879e-08
1.016460284426068374e-08
1.014537190706509548e-08
1.012619765810308125e-08
1.010707985151964717e-08
1.008801824816767990e-08
1.006901260890300093e-08
1.005006269458439142e-08
1.003116826607358555e-08
1.001232908423526393e-08
9.993544909937063508e-09
9.974817876377157531e-09
9.956142995339744702e-09
9.937522404475941469e-09
9.918955864665135705e-09
9.900445491457693285e-09
9.881986332855977242e-09
9.863582858907234744e-09
9.845230139331970314e-09
9.826932627537786509e-09
9.808684244242012088e-09
9.790491760516487182e-09
9.772349112248526748e-09
9.754260718195182152e-09
9.736221700086751222e-09
9.718236459503684688e-09
9.700302442457481434e-09
9.682417112022229018e-09
9.664584844196777134e-09
9.646803103448556069e-09
9.629071683928976967e-09
9.611390385426491631e-09
9.593756725890188984e-09
9.576175072971594313e-09
9.558642940437366222e-09
9.541160128085124985e-09
9.523726435714775549e-09
9.506341663128495950e-09
9.489005610130748902e-09
9.471718076528273515e-09
9.454478862130101847e-09
9.437290011431232596e-09
9.420146830656929603e-09
9.403051367640407966e-09
9.386003421301172875e-09
9.369002790561029078e-09
9.352051498784777220e-09
9.335144892002366606e-09
9.318284997609278607e-09
9.301473826965360575e-09
9.284706750164064742e-09
9.267985782562658253e-09
9.251312923614961004e-09
9.234683567279644691e-09
9.218101909603627740e-09
9.201562271611860889e-09
9.185071052338738544e-09
9.168622614637432149e-09
9.152221156834447477e-09
9.135864326823033340e-09
9.119549788059505941e-09
9.103281715533829187e-09
9.087057768831396911e-09
9.070875622974239085e-09
9.054739429805428762e-09
9.038646860507499790e-09
9.022597747769988022e-09
9.006589781890504198e-09
8.990627083054380772e-09
8.974707332328688597e-09
8.958830355891187640e-09
8.942995979921446083e-09
8.927204030600853562e-09
8.911454334112607928e-09
8.895746716641731793e-09
8.880081004375060949e-09
8.864457023501241060e-09
8.848874600210740894e-09
8.833333560695839092e-09
8.817833731150634091e-09
8.802377031659437385e-09
8.786959102504808509e-09
8.771581895065033646e-09
8.756245268683422996e-09
8.740949082704759141e-09
8.725695272149475961e-09
8.710479541402812200e-09
8.695303829111748488e-09
8.680170059487246537e-09
8.665073958575017202e-09
8.650017454184060992e-09
8.635002459800770923e-09
8.620024722961220269e-09
8.605088207747125414e-09
8.590187654404532203e-09
8.575329059175595767e-09
8.560507175795412919e-09
8.545725941358222838e-09
8.530981147197115242e-09
8.516276716363308864e-09
8.501610476646923337e-09
8.486980269794112422e-09
8.472389997928163968e-09
8.457837499322820169e-09
8.443320626099624076e-09
8.428843259616280082e-09
8.414403248548824546e-09
8.400000455322894094e-09
8.385634749171701026e-09
8.371304009540764325e-09
8.357012093743575307e-09
8.342756877824140693e-09
8.328538232722186091e-09
8.314356029378664644e-09
8.300210138735753722e-09
8.286100431736854923e-09
8.272026779326597381e-09
8.257989052450834458e-09
8.243987122056643741e-09
8.230020859092335319e-09
8.216090137018262574e-09
8.202194839339266155e-09
8.188334852072110892e-09
8.174510061234636951e-09
8.160722294308775939e-09
8.146967551120836851e-09
8.133247662430881296e-09
8.119562514261059051e-09
8.105911992634590263e-09
8.092297908782846183e-09
8.078716295090528851e-09
8.065168966025888024e-09
8.051657723168175845e-09
8.038178618398147479e-09
8.024733457296607459e-09
8.011324032810407304e-09
7.997946416801789552e-09
7.984604305026748085e-09
7.971293782062156687e-09
7.958018530985378548e-09
7.944773703945161829e-09
7.931564863131049428e-09
7.918387171706213868e-09
7.905244287580887730e-09
7.892132333095173325e-09
7.879054953669936432e-09
7.866008286006216746e-09
7.852995972590966366e-09
7.840016037286826623e-09
7.827066516309277837e-09
7.814151035518696948e-09
7.801267628055856185e-09
7.788416192330601704e-09
7.775594776791629263e-09
7.762806982813055754e-09
7.750050855799287581e-09
7.737326294163669876e-09
7.724633196320411347e-09
7.711969625840126485e-09
7.699339155916955008e-09
7.686739857555289276e-09
7.674171641701441912e-09
7.661634419302494821e-09
7.649128101306284292e-09
7.636652598661407624e-09
7.624207822317224775e-09
7.611793683223856707e-09
7.599410092332188702e-09
7.587056960593858772e-09
7.574734198961272553e-09
7.562441718387598344e-09
7.550179429826758831e-09
7.537947243149525047e-09
7.525745063891773431e-09
7.513574584209089387e-09
7.501432130264210165e-09
7.489319397106639014e-09
7.477236289191578950e-09
7.465182710975041978e-09
7.453160340260899177e-09
7.441165531962573272e-09
7.429199966742671542e-09
7.417263549060451017e-09
7.405357945363966917e-09
7.393479533315651501e-09
7.381629984733567721e-09
7.369810970316211904e-09
7.358018899876840099e-09
7.346255449463142846e-09
7.334522283929037851e-09
7.322815829881436877e-09
7.311139494562780420e-09
7.299489715707991394e-09
7.287869889461054305e-09
7.276275598973951382e-09
7.264711962034194988e-09
7.253174571436983512e-09
7.241666801290180990e-09
7.230185122641149651e-09
7.218732899910784481e-09
7.207308331236768820e-09
7.195909625631038000e-09
7.184540131456160114e-09
7.173198055016715794e-09
7.161881613413044837e-09
7.150594138816869975e-09
7.139333845640714313e-09
7.128098959015038142e-09
7.116892795037449734e-09
7.105713576169967736e-09
7.094561223645970200e-09
7.083433973315871272e-09
7.072335120539650334e-09
7.061262899039511548e-09
7.050217230668842057e-09
7.039198037281616301e-09
7.028205240732408424e-09
7.017237093121811601e-09
7.006296858414790415e-09
6.995382786106849333e-09
6.984494798054957189e-09
6.973632816116669287e-09
6.962796762150143120e-09
6.951986558014125132e-09
6.941202128021499113e-09
6.930443406299869330e-09
6.919710329430874824e-09
6.909002833996636058e-09
6.898320856579754911e-09
6.887664333763315510e-09
6.877033202130881745e-09
6.866427398266503062e-09
6.855846858754704538e-09
6.845293149070163189e-09
6.834762945516401690e-09
6.824257816077657161e-09
6.813777697340372079e-09
6.803322523845807194e-09
6.792893838388935315e-09
6.782488329939075274e-09
6.772107541725571444e-09
6.761751398063589805e-09
6.751419823268870400e-09
6.741114345787020083e-09
6.730831679232506722e-09
6.720573354501706234e-09
6.710340892727764395e-09
6.700131022172496094e-09
6.689945266402464403e-09
6.679785139290069354e-09
6.669647386065717843e-09
6.659535119881782776e-09
6.649445107731510895e-09
6.639378875629000890e-09
6.629337940007845505e-09
6.619319082234072441e-09
6.609325393934546937e-09
6.599353666000827386e-09
6.589406196522791534e-09
6.579481355123385618e-09
6.569581429253622871e-09
6.559703228721980019e-09
6.549849816785036512e-09
6.540018011465053446e-09
6.530210860760252229e-09
6.520426737825871924e-09
6.510664025131596551e-09
6.500925755528030763e-09
6.491210309165481364e-09
6.481516075443332163e-09
6.471846073340699814e-09
6.462198689953863209e-09
6.452572321563374435e-09
6.442969973374060003e-09
6.433390039379494624e-09
6.423830922693322097e-09
6.414295618101577478e-09
6.404782542742821337e-09
6.395291648002430637e-09
6.385821365585595028e-09
6.376374688484931008e-09
6.366950046155469484e-09
6.357547389983894367e-09
6.348166671357213819e-09
6.338807841662753641e-09
6.329469346002746327e-09
6.320154150550334032e-09
6.310860698188903431e-09
6.301588940307089752e-09
6.292338824540519621e-09
6.283110283511881974e-09
6.273903246090996114e-09
6.264717641148157798e-09
6.255553397554132623e-09
6.246410444180161813e-09
6.237288709897958088e-09
6.228188123579709793e-09
6.219108614098076770e-09
6.210050110326192004e-09
6.201012541137660804e-09
6.191995835406566588e-09
6.182999922007458475e-09
6.174024733237657218e-09
6.165070215084072898e-09
6.156136316956254051e-09
6.147224451227316793e-09
6.138331639267082516e-09
6.129459295568147256e-09
6.120607369541393791e-09
6.111775810598045700e-09
6.102964568149654122e-09
6.094175041960393621e-09
6.085404278652998138e-09
6.076653680082042622e-09
6.067923195660416592e-09
6.059212773794387010e-09
6.050523798838095252e-09
6.041853332151877611e-09
6.033202759149495481e-09
6.024573457010100789e-09
6.015962499447575231e-09
6.007371265693472923e-09
5.998799699121834780e-09
5.990249168753522252e-09
5.981716764642142498e-09
5.973205279436730078e-09
5.964711811304790325e-09
5.956237727240375467e-09
5.947784387438554814e-09
5.939348908506415878e-09
5.930934070532857804e-09
5.922536999414251878e-09
5.914159059679805133e-09
5.905801607883596729e-09
5.897461781886099276e-09
5.889142341839010143e-09
5.880839733715323461e-09
5.872558110376195427e-09
5.864293924702549400e-09
5.856049921059101700e-09
5.847823260990566383e-09
5.839616679516388275e-09
5.831428726366072238e-09
5.823257957559862296e-09
5.815107088896775832e-09
5.806973292380059423e-09
5.798859276057633697e-09
5.790763597889041155e-09
5.782684823542214545e-09
5.774625649504048356e-09
5.766583267049824408e-09
5.758560365002522785e-09
5.750555510947579334e-09
5.742567280092323524e-09
5.734598351231082896e-09
5.726647304686050793e-09
5.718714090844412248e-09
5.710797300883874470e-09
5.702899605489487459e-09
5.695019593957547702e-09
5.687157216676387531e-09
5.679311072310756664e-09
5.671483816558303304e-09
5.663674046219159867e-09
5.655881711682802674e-09
5.648106763338988462e-09
5.640347809117568926e-09
5.632607487299273330e-09
5.624884409618395235e-09
5.617178533243815346e-09
5.609489815344645976e-09
5.601818213090251731e-09
5.594163683650237924e-09
5.586524854531074284e-09
5.578904344041496253e-09
5.571300777872557787e-09
5.563714113194850201e-09
5.556144307179208826e-09
5.548591316996716320e-09
5.541055099818699361e-09
5.533535611247205544e-09
5.526032800606453108e-09
5.518546615651430841e-09
5.511077004137424489e-09
5.503623913820022547e-09
5.496187292455103021e-09
5.488767087798850803e-09
5.481363247607746089e-09
5.473975719638561066e-09
5.466604451648374810e-09
5.459249391394559216e-09
5.451910486634787272e-09
5.444587685127025618e-09
5.437282229691839935e-09
5.429991482416894941e-09
5.422716692280032374e-09
5.415457812343641934e-09
5.408214795670387948e-09
5.400987595323203575e-09
5.393776164365285020e-09
5.386581737983322624e-09
5.379401703287426249e-09
5.372237297175714653e-09
5.365088472712442003e-09
5.357955182962137917e-09
5.350838654613979631e-09
5.343736292663343120e-09
5.336649329831290192e-09
5.329577724390151388e-09
5.322521434612495478e-09
5.315481683988468840e-09
5.308455898685935114e-09
5.301445303869630605e-09
5.294451118029702597e-09
5.287470777346926032e-09
5.280505501975211153e-09
5.273556505437024931e-09
5.266621233861320930e-09
5.259700902423588138e-09
5.252796719161908219e-09
5.245906137345394093e-09
5.239030363910689289e-09
5.232170599248235845e-09
5.225324305898775940e-09
5.218492685884597810e-09
5.211676934723842892e-09
5.204874524714569163e-09
5.198087890299251298e-09
5.191314510246063036e-09
5.184556812542130118e-09
5.177812282398139029e-09
5.171082110491880453e-09
5.164367482110525655e-09
5.157665897161683554e-09
5.150979773715531468e-09
5.144306006813519337e-09
5.137648233472145330e-09
5.131003354286669961e-09
5.124373774634576959e-09
5.117757014481969824e-09
5.111155472900278698e-09
5.104567891213889816e-09
5.097993017020540414e-09
5.091433239982520044e-09
5.084886095749911894e-09
5.078353966633557764e-09
5.071834388951985494e-09
5.065329733243808375e-09
5.058838745107488781e-09
5.052360176322860083e-09
5.045896388157499403e-09
5.039446130851265559e-09
5.033008160786596078e-09
5.026584830018234820e-09
5.020173698402078534e-09
5.013777111883034662e-09
5.007393828371996796e-09
5.001023802300678523e-09
4.994665801468027610e-09
4.988322171161853282e-09
4.981991689156203355e-09
4.975673139253525302e-09
4.969368859997042481e-09
4.963077633687137498e-09
4.956799428540503740e-09
4.950533034338694992e-09
4.944280777656201903e-09
4.938041446784905386e-09
4.931815009942113421e-09
4.925600262839176219e-09
4.919399520180570759e-09
4.913211574199791183e-09
4.907036383112414342e-09
4.900873903133766984e-09
4.894722925316193853e-09
4.888585737661325920e-09
4.882461129759397541e-09
4.876349057826572569e-09
4.870249478079219171e-09
4.864162346733915616e-09
4.858087620007449452e-09
4.852024099107972176e-09
4.845974051709194216e-09
4.839936277577944557e-09
4.833910734442524496e-09
4.827897386074116442e-09
4.821896197754742402e-09
4.815907134766589820e-09
4.809930162392008268e-09
4.803965245913520196e-09
4.798012350613804393e-09
4.792071441775710876e-09
4.786142484682251786e-09
4.780225444616601393e-09
4.774320286862106849e-09
4.768426976702275777e-09
4.762545479420779583e-09
4.756675761186487078e-09
4.750817791708533922e-09
4.744971541581230020e-09
4.739136981399026724e-09
4.733314081756510217e-09
4.727502813248408956e-09
4.721703146469592848e-09
4.715915052015069110e-09
4.710138500479985580e-09
4.704373462459630719e-09
4.698619908549429469e-09
4.692877809344954014e-09
4.687147135441906402e-09
4.681428970392483755e-09
4.675721047155011115e-09
4.670024443236820084e-09
4.664339120347829295e-09
4.658665040198140190e-09
4.653002164498035359e-09
4.647350454957981028e-09
4.641709873288623751e-09
4.636081484853264651e-09
4.630463042721773751e-09
4.624855613596633600e-09
4.619259159189210397e-09
4.613673641211053147e-09
4.608100119572651981e-09
4.602536366673483935e-09
4.596983449756050628e-09
4.591441337739648523e-09
4.585909999543723800e-09
4.580390494495157581e-09
4.574880609388721234e-09
4.569381404864520375e-09
4.563892849842582694e-09
4.558415998424040224e-09
4.552948647867032551e-09
4.547491853575770835e-09
4.542046665758522944e-09
4.536610890342608848e-09
4.531185583205039601e-09
4.525771795931499264e-09
4.520367346572002817e-09
4.514973288000267032e-09
4.509589594385511812e-09
4.504217312187440866e-09
4.498854269719330821e-09
4.493502584460911588e-09
4.488160089827575986e-09
4.482827831004034690e-09
4.477506848097639696e-09
4.472194982140346271e-09
4.466893273203978179e-09
4.461602751106141098e-09
4.456321256642815521e-09
4.451050879233874044e-09
4.445789464699922246e-09
4.440538040301616529e-09
4.435297628299287468e-09
4.430066082014708911e-09
4.424845478367202343e-09
4.419633675655657580e-09
4.414432745832260900e-09
4.409240552154241912e-09
4.404059161625364171e-09
4.398886443638353674e-09
4.393724466246171518e-09
4.388571109741709603e-09
4.383428438462314780e-09
4.378293816433575471e-09
4.373170346049125053e-09
4.368055395608411369e-09
4.362951019680923876e-09
4.357855113212767034e-09
4.352769725916798982e-09
4.347692757587163575e-09
4.342626253098151600e-09
4.337568117073936104e-09
4.332520390297793423e-09
4.327480985853986408e-09
4.322451943370997629e-09
4.317432209320576356e-09
4.312420734955320201e-09
4.307419552732839992e-09
4.302426588419424845e-09
4.297443869714182704e-09
4.292470349059726296e-09
4.287504983635513992e-09
4.282549794035795140e-09
4.277602717869257925e-09
4.272665771015399220e-09
4.267737911014635853e-09
4.262818096828265880e-09
4.257908332387476552e-09
4.253007574665578769e-09
4.248114785303438635e-09
4.243231961231406905e-09
4.238358062926906917e-09
4.233492055509325897e-09
4.228635928946565074e-09
4.223788647200939026e-09
4.218949178851366519e-09
4.214119506941337982e-09
4.209298598899007612e-09
4.204486427908407486e-09
4.199681967963253449e-09
4.194887193930651709e-09
4.190101078828140763e-09
4.185323596671491067e-09
4.180553726171090001e-09
4.175793433086240942e-09
4.171041694993111141e-09
4.166298485907872235e-09
4.161562789058662745e-09
4.156836561162387562e-09
4.152118784321093781e-09
4.147409432551351741e-09
4.142708481932748352e-09
4.138014931609863564e-09
4.133330739464820164e-09
4.128654905588949327e-09
4.123987416376673495e-09
4.119328258222464742e-09
4.114676437885662211e-09
4.110033902135592701e-09
4.105399656625346337e-09
4.100773687749608607e-09
4.096155981903113800e-09
4.091546525480649145e-09
4.086945304877051501e-09
4.082351331722696684e-09
4.077766523301435691e-09
4.073189876057818456e-09
4.068621359474935336e-09
4.064060943035993325e-09
4.059508596224316044e-09
4.054964288523343752e-09
4.050427989416633336e-09
4.045899668387855836e-09
4.041379294920801406e-09
4.036866838499372695e-09
4.032362268607592297e-09
4.027864595745040422e-09
4.023375711274164546e-09
4.018894638831298800e-09
4.014421364948338083e-09
4.009955876157221132e-09
4.005498158989945414e-09
4.001048199978555547e-09
3.996605985655148260e-09
3.992171502551870740e-09
3.987744737200920633e-09
3.983325676134552659e-09
3.978914305885062898e-09
3.974510612984807815e-09
3.970114583966188541e-09
3.965726204236203823e-09
3.961345454700073299e-09
3.956972315137633248e-09
3.952606765328797702e-09
3.948248785053557623e-09
3.943899293102205994e-09
3.939556390201318636e-09
3.935220996176245423e-09
3.930893090807280065e-09
3.926572653874791544e-09
3.922259665159228251e-09
3.917954104441114680e-09
3.913655951501051424e-09
3.909365186665619639e-09
3.905081792445079544e-09
3.900805751895658686e-09
3.896537048073648305e-09
3.892276590765059383e-09
3.888022508555013279e-09
3.883775712243376398e-09
3.879536184886691444e-09
3.875303909541571431e-09
3.871078869264689755e-09
3.866861047112786815e-09
3.862650426142665050e-09
3.858447908093205632e-09
3.854251637835280195e-09
3.850062518988857207e-09
3.845880535668210111e-09
3.841705671987675212e-09
3.837538825769416939e-09
3.833378152722576562e-09
3.829224551660897131e-09
3.825078006698954009e-09
3.820938501951376325e-09
3.816806930308535421e-09
3.812681457352433088e-09
3.808562976956627544e-09
3.804451473235986145e-09
3.800346929951630806e-09
3.796250233334732718e-09
3.792159556633861669e-09
3.788075786701284858e-09
3.783998905529319227e-09
3.779929795112920712e-09
3.775866636472819186e-09
3.771810312572317012e-09
3.767760805403999967e-09
3.763718993106500525e-09
3.759683064420484596e-09
3.755653898446435235e-09
3.751632370447682772e-09
3.747616675942217969e-09
3.743607696256929302e-09
3.739605419512691711e-09
3.735610723289291139e-09
3.731621815841037442e-09
3.727639575698316659e-09
3.723664877599031930e-09
3.719695935486405024e-09
3.715733625044180406e-09
3.711778818182603021e-09
3.707829734505336651e-09
3.703887246863735680e-09
3.699952224354522548e-09
3.696022891585701174e-09
3.692100115451421303e-09
3.688184758482193559e-09
3.684275047751043249e-09
3.680372723037430678e-09
3.676476015134836475e-09
3.672585785643916858e-09
3.668702892460482862e-09
3.664825571935531458e-09
3.660955554586499744e-09
3.657091080454029188e-09
3.653233006511779539e-09
3.649382186059194620e-09
3.645536865293871422e-09
3.641698768774720156e-09
3.637866149585444358e-09
3.634039863983227227e-09
3.630220764581300921e-09
3.626407109929481861e-09
3.622600616122254374e-09
3.618799545338481370e-09
3.615005610049747879e-09
3.611217076051990274e-09
3.607435652205849532e-09
3.603659607912403821e-09
3.599890648433254846e-09
3.596127045962875495e-09
3.592370498176361461e-09
3.588619276850302256e-09
3.584875075284585506e-09
3.581136168825478391e-09
3.577402969480329847e-09
3.573677163873837535e-09
3.569957456378846678e-09
3.566242981265196653e-09
3.562535421176992245e-09
3.558833062099494603e-09
3.555137583148081662e-09
3.551447273831206341e-09
3.547763811222235429e-09
3.544085495717434633e-09
3.540414008260440470e-09
3.536747654222995140e-09
3.533088111054277574e-09
3.529433687614901196e-09
3.525786057870954053e-09
3.522144372832372944e-09
3.518507786978092874e-09
3.514877969070810253e-09
3.511253236643725218e-09
3.507635255004728738e-09
3.504022345136294205e-09
3.500416167745940994e-09
3.496815874115514647e-09
3.493220617799642837e-09
3.489632048577473416e-09
3.486048489064642017e-09
3.482471585624787507e-09
3.478900492666609399e-09
3.475334368000591611e-09
3.471774852887899888e-09
3.468221104290742363e-09
3.464672282556586158e-09
3.461130023868913672e-09
3.457593487731029813e-09
3.454061838065079263e-09
3.450536711251326140e-09
3.447016454824827115e-09
3.443502702860642002e-09
3.439994625369713807e-09
3.436491395704717453e-09
3.432994642928230682e-09
3.429503539559573729e-09
3.426018077244104948e-09
3.422537432654772048e-09
3.419063228208532446e-09
3.415594639750353769e-09
3.412130846429335656e-09
3.408673464725422364e-09
3.405221668059084539e-09
3.401774632158015036e-09
3.398333963665447036e-09
3.394898837489123581e-09
3.391469239389122155e-09
3.388044348360267420e-09
3.384625764506778443e-09
3.381212666008791768e-09
3.377805038626554453e-09
3.374402064601085374e-09
3.371005337539509338e-09
3.367614038873373307e-09
3.364228155441258903e-09
3.360846878100496964e-09
3.357471800471597735e-09
3.354102113685709930e-09
3.350737809972365877e-09
3.347378084471913136e-09
3.344024524390316182e-09
3.340676324068703150e-09
3.337333475736692393e-09
3.333995971623924600e-09
3.330663010848091038e-09
3.327336172654453924e-09
3.324014655367847773e-09
3.320698450620351795e-09
3.317387547653456419e-09
3.314081145944601205e-09
3.310780813255876886e-09
3.307485748278207849e-09
3.304195939655561510e-09
3.300911376031939612e-09
3.297632046051377398e-09
3.294357153884740947e-09
3.291088257900380023e-09
3.287824561490138133e-09
3.284566053298183284e-09
3.281312721968713260e-09
3.278064556555615169e-09
3.274821547751422567e-09
3.271582907604216862e-09
3.268350186093749581e-09
3.265122594497687202e-09
3.261900123918322915e-09
3.258682765457975549e-09
3.255470510218989166e-09
3.252263349303731813e-09
3.249061273814598835e-09
3.245863501919775852e-09
3.242671571349716081e-09
3.239484699511912478e-09
3.236302877021464568e-09
3.233126092543893198e-09
3.229954334257358047e-09
3.226787590340048570e-09
3.223625848970189795e-09
3.220469098326039007e-09
3.217317326585887820e-09
3.214170521928062589e-09
3.211028672530921516e-09
3.207891766572858786e-09
3.204759029078962952e-09
3.201631975278474949e-09
3.198509829451276732e-09
3.195392580683048093e-09
3.192280221688079806e-09
3.189172746087828725e-09
3.186070147503772384e-09
3.182972419557402379e-09
3.179879555870231400e-09
3.176791550063790334e-09
3.173708395759626611e-09
3.170630086579307102e-09
3.167556616144416874e-09
3.164487978076558778e-09
3.161424165997355520e-09
3.158365173528443038e-09
3.155310993132176052e-09
3.152261612633707881e-09
3.149217018698924274e-09
3.146177197993747791e-09
3.143142137184141108e-09
3.140111822936102055e-09
3.137086241915668171e-09
3.134065380788915454e-09
3.131049226221957129e-09
3.128037764880946124e-09
3.125030983432070521e-09
3.122028868541558937e-09
3.119031406875678036e-09
3.116039329079938625e-09
3.113051146714460189e-09
3.110067600825007045e-09
3.107088689703580682e-09
3.104114411642188793e-09
3.101144764932842379e-09
3.098179747867557818e-09
3.095219358738358933e-09
3.092263595837269961e-09
3.089312457456323823e-09
3.086365941887554681e-09
3.083424047423004970e-09
3.080486772354720433e-09
3.077554112187667204e-09
3.074626783465419707e-09
3.071703302688078361e-09
3.068784384308990084e-09
3.065870009897871861e-09
3.062960161024492789e-09
3.060054819258674491e-09
3.057153966170294425e-09
3.054257583329277197e-09
3.051365652305604077e-09
3.048478880633903429e-09
3.045595797269009662e-09
3.042717110432762040e-09
3.039842804669365264e-09
3.036972876419136489e-09
3.034107325096415712e-09
3.031246150115544997e-09
3.028390072074953847e-09
3.025537647342055644e-09
3.022689597195087110e-09
3.019845921048396514e-09
3.017006618316335845e-09
3.014171688413256267e-09
3.011341847880617103e-09
3.008515661206043364e-09
3.005693845604557621e-09
3.002876398377974883e-09
3.000063308377941562e-09
2.997255276118472877e-09
2.994450860121643774e-09
2.991650761569914954e-09
2.988854967202534400e-09
2.986063463758785251e-09
2.983276948426401299e-09
2.980493986385686119e-09
2.977715275487698735e-09
2.974940802471869525e-09
2.972170554077671878e-09
2.969405224191917037e-09
2.966643385431871916e-09
2.963885736490311781e-09
2.961132269084063393e-09
2.958383679454402967e-09
2.955638549616108677e-09
2.952897576464731373e-09
2.950160751717187564e-09
2.947428067090419400e-09
2.944700215569509511e-09
2.941975785686899413e-09
2.939255471077008519e-09
2.936539263456872035e-09
2.933827853224286467e-09
2.931119834696253795e-09
2.928415901945023023e-09
2.925716747072986147e-09
2.923020971289740510e-09
2.920329267340162525e-09
2.917641630576244507e-09
2.914958750540260658e-09
2.912279233566063178e-09
2.909603769834540308e-09
2.906933046978026069e-09
2.904265675153261066e-09
2.901602342628302363e-09
2.898943044755229542e-09
2.896288465293938859e-09
2.893637212774879240e-09
2.890989964893308085e-09
2.888347396822818558e-09
2.885708119537191057e-09
2.883072808839087123e-09
2.880442138020881930e-09
2.877814721821931419e-09
2.875191234160846047e-09
2.872572346457224378e-09
2.869956677199088670e-09
2.867344898429470693e-09
2.864737679703545271e-09
2.862133644919162869e-09
2.859533472641647090e-09
2.856937840637407342e-09
2.854345384909069885e-09
2.851756783840884352e-09
2.849172713351304748e-09
2.846591813141685514e-09
2.844015437052477774e-09
2.841442227241692907e-09
2.838872859013650463e-09
2.836308005225182763e-09
2.833746311705563667e-09
2.831188451922141865e-09
2.828635094919227088e-09
2.826084880248391223e-09
2.823539140063033072e-09
2.820996514355725114e-09
2.818457661631513384e-09
2.815923237977057320e-09
2.813391887012676389e-09
2.810864934845855836e-09
2.808341027506471985e-09
2.805820820478975695e-09
2.803304966847211890e-09
2.800792116242132267e-09
2.798283588769758724e-09
2.795778038502487514e-09
2.793276128173795748e-09
2.790778520183468016e-09
2.788283882426188284e-09
2.785793541347002214e-09
2.783306167215146414e-09
2.780823084104593851e-09
2.778342964652220615e-09
2.775866469479533452e-09
2.773394256849044910e-09
2.770925002936149263e-09
2.768460025917338522e-09
2.765998004318403865e-09
2.763540252852504456e-09
2.761085446806929210e-09
2.758634892972787946e-09
2.756187267857642136e-09
2.753743875919432385e-09
2.751303395995561217e-09
2.748867130217615581e-09
2.746433759746043347e-09
2.744003930887667334e-09
2.741578287634787044e-09
2.739155514619739548e-09
2.736736908187830384e-09
2.734321155277585270e-09
2.731909549982979715e-09
2.729500781799191342e-09
2.727095818040689764e-09
2.724694000313820806e-09
2.722296293357403078e-09
2.719901391297144802e-09
2.717510581615740324e-09
2.715122560718560484e-09
2.712738613811996602e-09
2.710358085072018672e-09
2.707980320942792926e-09
2.705606603228499454e-09
2.703235634005079524e-09
2.700868693512321126e-09
2.698504489561241981e-09
2.696144303616231685e-09
2.693786846434369613e-09
2.691433397232879772e-09
2.689082669012842746e-09
2.686735938750727605e-09
2.684391921685211281e-09
2.682051892558402426e-09
2.679714568840190968e-09
2.677381223044705184e-09
2.675051211961104192e-09
2.672723894598603919e-09
2.670400539366927790e-09
2.668079865414349112e-09
2.665763135066690725e-09
2.663449068906878476e-09
2.661138927054954294e-09
2.658832065530789811e-09
2.656527842552265388e-09
2.654227514942500234e-09
2.651929808779517489e-09
2.649635978696273857e-09
2.647345383458271803e-09
2.645057384013517014e-09
2.642773231721300072e-09
2.640491658762160403e-09
2.638213917551517904e-09
2.635938745672600813e-09
2.633667394018327011e-09
2.631399229042685177e-09
2.629133619360777978e-09
2.626871812623901736e-09
2.624613176908041261e-09
2.622357082441219936e-09
2.620104773646725437e-09
2.617854996734180051e-09
2.615608993982400754e-09
2.613366136155576994e-09
2.611125795849966380e-09
2.608889210614241648e-09
2.606655750986874098e-09
2.604424789634386195e-09
2.602197560608502035e-09
2.599972816819438243e-09
2.597751790198330574e-09
2.595533853941914752e-09
2.593318383360185198e-09
2.591106607214454971e-09
2.588897900287540571e-09
2.586691639466721781e-09
2.584489050356682495e-09
2.582289509410084847e-09
2.580092395536796737e-09
2.577898931740205151e-09
2.575708496497733342e-09
2.573520470373858594e-09
2.571336073241453644e-09
2.569154685144339759e-09
2.566975688204769702e-09
2.564800299178037415e-09
2.562627899667890317e-09
2.560457873347935661e-09
2.558291433868739259e-09
2.556127964387540456e-09
2.553967458824789223e-09
2.551809305044572427e-09
2.549654715135952710e-09
2.547503076875846579e-09
2.545353780091242560e-09
2.543208033796134141e-09
2.541065227306061594e-09
2.538924751978229754e-09
2.536787813764174971e-09
2.534653803511754450e-09
2.532522717273414153e-09
2.530393948436875146e-09
2.528268698889951325e-09
2.526146360707193439e-09
2.524026925908043175e-09
2.521909785060006788e-09
2.519796131169763927e-09
2.517685354301044693e-09
2.515576846528730709e-09
2.513471797842859954e-09
2.511369599816592200e-09
2.509270243662882512e-09
2.507173123456924657e-09
2.505079425185636308e-09
2.502988542425200051e-09
2.500900466388640022e-09
2.498814594034935280e-09
2.496732111840553802e-09
2.494652420739256989e-09
2.492575517309471382e-09
2.490500804960188004e-09
2.488429467101789271e-09
2.486360906649562216e-09
2.484295120181962331e-09
2.482232104277448830e-09
2.480171264803712396e-09
2.478113780250539072e-09
2.476059055995216830e-09
2.474007088616233007e-09
2.471957285384260979e-09
2.469910818115648792e-09
2.467867090832637670e-09
2.465826096800957513e-09
2.463787829286352283e-09
2.461751695228058561e-09
2.459718861028774195e-09
2.457688733143227543e-09
2.455661304837214680e-09
2.453636569376544915e-09
2.451613936113546641e-09
2.449594566621727278e-09
2.447577869772117700e-09
2.445563839666529709e-09
2.443552473750569604e-09
2.441543770305797371e-09
2.439537146574876235e-09
2.437533763394054151e-09
2.435533037528486964e-09
2.433534967259747069e-09
2.431539550869410584e-09
2.429546786639058590e-09
2.427556094663178999e-09
2.425568630070637738e-09
2.423583812482210028e-09
2.421601640179487293e-09
2.419622110075227171e-09
2.417645213606838533e-09
2.415670365484937597e-09
2.413698706963404556e-09
2.411729652282943007e-09
2.409763191512198350e-09
2.407799314719838318e-09
2.405838011974545535e-09
2.403879273345023717e-09
2.401922516814405422e-09
2.399968877087652894e-09
2.398017771682293201e-09
2.396069190667105333e-09
2.394123125708974604e-09
2.392179574867129744e-09
2.390238537798889263e-09
2.388300014161567124e-09
2.386363435230426584e-09
2.384429937887145742e-09
2.382498952946141549e-09
2.380570480064732516e-09
2.378644518900238810e-09
2.376721069109980594e-09
2.374800130351280930e-09
2.372881702281459982e-09
2.370965784557841226e-09
2.369051811319530301e-09
2.367140904917037047e-09
2.365232492749646622e-09
2.363326566933467936e-09
2.361423119584624784e-09
2.359522142819256682e-09
2.357623628753518031e-09
2.355727569503577711e-09
2.353833957185619904e-09
2.351942783915844507e-09
2.350054041810465480e-09
2.348167163695615847e-09
2.346283260716177041e-09
2.344401766279716024e-09
2.342522677654613992e-09
2.340645993139678478e-09
2.338771711033718665e-09
2.336899829635549116e-09
2.335030347243985220e-09
2.333163262157848156e-09
2.331298572675960759e-09
2.329436277097149170e-09
2.327576373720242842e-09
2.325718860844074946e-09
2.323863736767481967e-09
2.322010999789302453e-09
2.320160647661884849e-09
2.318312123768082690e-09
2.316466527934142905e-09
2.314623302556551644e-09
2.312782442655214262e-09
2.310943943250045627e-09
2.309107799360970120e-09
2.307274006007922048e-09
2.305442558210843575e-09
2.303613450989688447e-09
2.301786679364418681e-09
2.299962238355006220e-09
2.298140122981431694e-09
2.296320328164342093e-09
2.294502848427013459e-09
2.292687678193386955e-09
2.290874811887417391e-09
2.289064243933067024e-09
2.287255968754309276e-09
2.285449980775129979e-09
2.283646274419524475e-09
2.281844844111497619e-09
2.280045684275067090e-09
2.278248789334259249e-09
2.276454153713112039e-09
2.274661771835674570e-09
2.272871638655953199e-09
2.271083751247756392e-09
2.269298107214846139e-09
2.267514704160988979e-09
2.265733539689954760e-09
2.263954611405519949e-09
2.262177916911463907e-09
2.260403453811570957e-09
2.258631219709629973e-09
2.256861212209435206e-09
2.255093428914784627e-09
2.253327867429480346e-09
2.251564525357330261e-09
2.249803400104983359e-09
2.248044488290440566e-09
2.246287786334548863e-09
2.244533290658159776e-09
2.242780997682132278e-09
2.241030903827333201e-09
2.239283005514635166e-09
2.237537832120633589e-09
2.235794313739750302e-09
2.234052980164147574e-09
2.232313827814723671e-09
2.230576853112385955e-09
2.228842052478045924e-09
2.227109422290069043e-09
2.225378958756604376e-09
2.223650658043254539e-09
2.221924516315627939e-09
2.220200529739341667e-09
2.218478694480019432e-09
2.216759006703291975e-09
2.215041462574798309e-09
2.213326058260183234e-09
2.211612789925100653e-09
2.209901653735209431e-09
2.208193171826470482e-09
2.206486288017661366e-09
2.204781524818143082e-09
2.203078878226447612e-09
2.201378344207684297e-09
2.199679918726969092e-09
2.197983597749427052e-09
2.196289377240189849e-09
2.194597253164397014e-09
2.192907221487196763e-09
2.191219278173743102e-09
2.189533419189199550e-09
2.187850161626373918e-09
2.186168458794849417e-09
2.184488828188262008e-09
2.182811266031259700e-09
2.181135769586315554e-09
2.179462336375364370e-09
2.177790963920343021e-09
2.176121649743196234e-09
2.174454391365870392e-09
2.172789703852777966e-09
2.171126549245053208e-09
2.169465443003509668e-09
2.167806382650113582e-09
2.166149365706835320e-09
2.164494389695651044e-09
2.162841452138539812e-09
2.161190550223173152e-09
2.159541679799966849e-09
2.157895350381844696e-09
2.156250529099755720e-09
2.154607725858661830e-09
2.152966936174698167e-09
2.151328155564007316e-09
2.149691379542740547e-09
2.148056603627058231e-09
2.146424334599203380e-09
2.144793545055001686e-09
2.143164742165387919e-09
2.141537921446555121e-09
2.139913078904376920e-09
2.138290212503418666e-09
2.136669320697923401e-09
2.135050910500699564e-09
2.133433962863957779e-09
2.131818985185889935e-09
2.130205975920748169e-09
2.128594933522788343e-09
2.126985856446269627e-09
2.125379249401603612e-09
2.123774097948655838e-09
2.122170907180409344e-09
2.120569675551134879e-09
2.118970400802543759e-09
2.117373077826101696e-09
2.115778204771268508e-09
2.114184767496572808e-09
2.112593264531266120e-09
2.111003690054295667e-09
2.109416038244620253e-09
2.107830303281209019e-09
2.106246981044596795e-09
2.104665061934096595e-09
2.103085042207286232e-09
2.101506916043178691e-09
2.099930677620797294e-09
2.098356822146944467e-09
2.096784349802671528e-09
2.095213762192318596e-09
2.093645060722235401e-09
2.092078246798772914e-09
2.090513819784376874e-09
2.088950784801116406e-09
2.087389641583958037e-09
2.085830391539239917e-09
2.084273036073298956e-09
2.082718072692699857e-09
2.081164510233489831e-09
2.079612846572499890e-09
2.078063081621632405e-09
2.076515703938758269e-09
2.074969716348332929e-09
2.073425606282294671e-09
2.071883366180467055e-09
2.070342988482690597e-09
2.068804958416845274e-09
2.067268282480942366e-09
2.065733446269130808e-09
2.064200442221304057e-09
2.062669754104817817e-09
2.061140391340644766e-09
2.059612838060658014e-09
2.058087087975540319e-09
2.056563139878909969e-09
2.055041483346561357e-09
2.053521139058047115e-09
2.052002596951503968e-09
2.050485857091282017e-09
2.048971407608095675e-09
2.047458272073373521e-09
2.045946938978453831e-09
2.044437408387689603e-09
2.042930166993575490e-09
2.041424241245688958e-09
2.039920118195437086e-09
2.038417797204423799e-09
2.036917760020068624e-09
2.035419031739902050e-09
2.033922093765806272e-09
2.032426941945683274e-09
2.030934055899714536e-09
2.029442463576201819e-09
2.027952644950835598e-09
2.026465078579876820e-09
2.024978794540800485e-09
2.023494271744108880e-09
2.022011506037757340e-09
2.020530974565323776e-09
2.019051710474431445e-09
2.017574192476322684e-09
2.016098417877094404e-09
2.014624863872417454e-09
2.013152567638793393e-09
2.011682006722790531e-09
2.010213657269901553e-09
2.008746558558264410e-09
2.007281187083031784e-09
2.005817540150337811e-09
2.004356092511197967e-09
2.002895886234401579e-09
2.001437396418982582e-09
1.999981097071280077e-09
1.998526033828860258e-09
1.997072682529248195e-09
1.995621517625281435e-09
1.994171587128440230e-09
1.992723365837126754e-09
1.991276852838782949e-09
1.989832521208083223e-09
1.988389421714483501e-09
1.986948027776594929e-09
1.985508811439730991e-09
1.984070825533299894e-09
1.982634542445334661e-09
1.981200432581342208e-09
1.979767547752890375e-09
1.978336355636505567e-09
1.976907322545145000e-09
1.975479501721667807e-09
1.974053359819337445e-09
1.972629362132661957e-09
1.971206563942669369e-09
1.969785430882974968e-09
1.968366427233215182e-09
1.966948610305422718e-09
1.965532444717153001e-09
1.964118393736716969e-09
1.962705517138857159e-09
1.961294280722666752e-09
1.959885149381498492e-09
1.958477187100981076e-09
1.957070859110026711e-09
1.955666629297675488e-09
1.954263563659378755e-09
1.952862126418570983e-09
1.951462780463469481e-09
1.950064593792363126e-09
1.948668029626700178e-09
1.947273549857357596e-09
1.945880224478496512e-09
1.944488515809212880e-09
1.943098885227240925e-09
1.941710405292558018e-09
1.940323537809960981e-09
1.938938743262913289e-09
1.937555096193403501e-09
1.936173518626989691e-09
1.934793086423168469e-09
1.933414259736036533e-09
1.932037497406015271e-09
1.930661877263124599e-09
1.929287858475638112e-09
1.927915898902730890e-09
1.926545077798089602e-09
1.925176309241774059e-09
1.923808671092824153e-09
1.922442617644172575e-09
1.921078601887254047e-09
1.919715703633390777e-09
1.918354376198845111e-09
1.916995071602886249e-09
1.915636871602360650e-09
1.914280684540349157e-09
1.912925593466987672e-09
1.911572050078260053e-09
1.910220504780577647e-09
1.908870043262706412e-09
1.907521574164981986e-09
1.906174187983265938e-09
1.904828339027928338e-09
1.903484480327095574e-09
1.902141704300000325e-09
1.900800917085600602e-09
1.899461212381720357e-09
1.898123042896841051e-09
1.896786860064507777e-09
1.895451759494948837e-09
1.894118644139789375e-09
1.892786610880537929e-09
1.891456110241212734e-09
1.890127589111353440e-09
1.888800142723654434e-09
1.887474667310398061e-09
1.886150259368284716e-09
1.884827364879172634e-09
1.883506428564544123e-09
1.882186548811689938e-09
1.880868618701960466e-09
1.879551737879449381e-09
1.878236798170155854e-09
1.876922900472119395e-09
1.875610488565346021e-09
1.874300005602581588e-09
1.872990557473067634e-09
1.871683036615578313e-09
1.870376550789335490e-09
1.869071991187666763e-09
1.867768466813830211e-09
1.866466423002098843e-09
1.865166303846236139e-09
1.863867220210267367e-09
1.862570060186243405e-09
1.861273935875179606e-09
1.859979734133547106e-09
1.858686568296532104e-09
1.857395323264827960e-09
1.856105109989890040e-09
1.854816366684676206e-09
1.853529530334307199e-09
1.852243713009009881e-09
1.850959792924796786e-09
1.849676883376267666e-09
1.848395861356475816e-09
1.847115841381622825e-09
1.845837699224563876e-09
1.844560550620352225e-09
1.843285270124387049e-09
1.842010974687837993e-09
1.840738099928594676e-09
1.839467083324119877e-09
1.838197048253081619e-09
1.836928870847533098e-09
1.835661675695471294e-09
1.834396337720972682e-09
1.833131982718659558e-09
1.831869484407334691e-09
1.830607969785541849e-09
1.829348311369513738e-09
1.828089637359011128e-09
1.826832819070401748e-09
1.825576985901959319e-09
1.824323007266694918e-09
1.823070010227713760e-09
1.821818859472598647e-09
1.820568682551379005e-09
1.819320342959886887e-09
1.818072969438584975e-09
1.816827424294231538e-09
1.815582837455056512e-09
1.814340070041402110e-09
1.813098253166612961e-09
1.811857815152523495e-09
1.810619183139170242e-09
1.809381490012626944e-09
1.808145594643311994e-09
1.806910634618705259e-09
1.805677256083256899e-09
1.804445028794812216e-09
1.803214597576361673e-09
1.801985103069219323e-09
1.800757404142771032e-09
1.799530642609061496e-09
1.798305676168047095e-09
1.797082075896596371e-09
1.795859414037750740e-09
1.794638546542205201e-09
1.793418618137440983e-09
1.792200482909163342e-09
1.790983283236139299e-09
1.789767868533422150e-09
1.788553381636748227e-09
1.787340670803451530e-09
1.786128880025721273e-09
1.784918856405747999e-09
1.783709745089606653e-09
1.782502392026902377e-09
1.781295943515046885e-09
1.780091244353603294e-09
1.778887441988781472e-09
1.777685380072631199e-09
1.776484207682301537e-09
1.775284769748129548e-09
1.774086218914325380e-09
1.772889399453374526e-09
1.771693465150756705e-09
1.770499259138941429e-09
1.769306357825629493e-09
1.768114338755434500e-09
1.766924043355464917e-09
1.765734628253486935e-09
1.764546933742806203e-09
1.763360117583760262e-09
1.762175018938328111e-09
1.760990796607762068e-09
1.759808288179275361e-09
1.758626653135835419e-09
1.757446727849087503e-09
1.756268091306232076e-09
1.755090323617786868e-09
1.753914259470429199e-09
1.752739061155434250e-09
1.751565562239232153e-09
1.750392926132134490e-09
1.749221985282763561e-09
1.748051904218029858e-09
1.746883514271185755e-09
1.745716397075451593e-09
1.744550135878070232e-09
1.743385561096319113e-09
1.742221840790492190e-09
1.741059804268559798e-09
1.739898620698920896e-09
1.738739118282653463e-09
1.737580881223505904e-09
1.736423494829103911e-09
1.735267785644713154e-09
1.734112925598436866e-09
1.732959740134676853e-09
1.731807402281203488e-09
1.730656735883802502e-09
1.729507324574079876e-09
1.728358752578958103e-09
1.727211839600256492e-09
1.726065758403512827e-09
1.724921327598066030e-09
1.723777721040772909e-09
1.722635756250857115e-09
1.721495018273746487e-09
1.720355093242070396e-09
1.719216797044274185e-09
1.718079306255239168e-09
1.716943435679137376e-09
1.715808772518195031e-09
1.714674908250078516e-09
1.713542660847928080e-09
1.712411214381195922e-09
1.711281385744498302e-09
1.710152767483638271e-09
1.709024953220061804e-09
1.707898758234918917e-09
1.706773369286760011e-09
1.705649600583974701e-09
1.704527046016194355e-09
1.703405300542919959e-09
1.702285176767733394e-09
1.701165863297789597e-09
1.700048167539381337e-09
1.698931679762379840e-09
1.697815991300750157e-09
1.696701907138602941e-09
1.695588614413036429e-09
1.694476917046948106e-09
1.693366406639626375e-09
1.692256675848753153e-09
1.691148527009660778e-09
1.690041149905452679e-09
1.688935345815901391e-09
1.687830707662597911e-09
1.686726830261800563e-09
1.685624517523506539e-09
1.684523368210585212e-09
1.683422982135361791e-09
1.682324162475521369e-09
1.681226108269942065e-09
1.680129621649619857e-09
1.679034302688549232e-09
1.677939752504631365e-09
1.676846771662996721e-09
1.675754961020984995e-09
1.674663922476503660e-09
1.673574455033827484e-09
1.672486159240586922e-09
1.671398632319432362e-09
1.670312665175508676e-09
1.669227456027510284e-09
1.668143794746150927e-09
1.667061277722164566e-09
1.665979502377999624e-09
1.664899257036830722e-09
1.663820138863598753e-09
1.662741746051713007e-09
1.661664865381677356e-09
1.660589094790199857e-09
1.659514033239258876e-09
1.658440467494782535e-09
1.657368003879331923e-09
1.656296251260874305e-09
1.655226002488663085e-09
1.654156472109524383e-09
1.653088451953228868e-09
1.652021551142596498e-09
1.650955379817263550e-09
1.649890728281759051e-09
1.648827206421907799e-09
1.647764425137133589e-09
1.646703173211546893e-09
1.645643061291566942e-09
1.644583699359737662e-09
1.643525866313430562e-09
1.642469163511829615e-09
1.641413193321238897e-09
1.640358731454147367e-09
1.639305380025497319e-09
1.638252742154152032e-09
1.637201592046755382e-09
1.636151532571602959e-09
1.635102167597764122e-09
1.634054269830755904e-09
1.633007442889859798e-09
1.631961291392043202e-09
1.630916587954669478e-09
1.629872943987381278e-09
1.628829973302805131e-09
1.627788454068044208e-09
1.626747999847437884e-09
1.625708612489089421e-09
1.624669906796206597e-09
1.623632658953688662e-09
1.622596483517472433e-09
1.621560996031027404e-09
1.620526971197944607e-09
1.619494024315189991e-09
1.618461771664186309e-09
1.617430985649848403e-09
1.616401278197969909e-09
1.615372261393747543e-09
1.614344702060138065e-09
1.613318212037384991e-09
1.612292788241711433e-09
1.611268043735618696e-09
1.610244743386477465e-09
1.609222500012851411e-09
1.608200927407569944e-09
1.607180788976625205e-09
1.606161698269664394e-09
1.605143269807588886e-09
1.604126266031644492e-09
1.603110303680888122e-09
1.602095382624279685e-09
1.601081121302711694e-09
1.600068282682475824e-09
1.599056484963018630e-09
1.598045347308086326e-09
1.597035631237520379e-09
1.596026955674364681e-09
1.595018940502990097e-09
1.594012345801246807e-09
1.593006791213546578e-09
1.592002276608849939e-09
1.590998422208060603e-09
1.589995983069147753e-09
1.588994576069887523e-09
1.587994197354252376e-09
1.586994464992417704e-09
1.585996131513714082e-09
1.584998814750336006e-09
1.584002133484981286e-09
1.583006838821246412e-09
1.582012549304575389e-09
1.581019261078969425e-09
1.580026593873797321e-09
1.579035296898407824e-09
1.578044990373391769e-09
1.577055674080360238e-09
1.576066973056675413e-09
1.575079638990133812e-09
1.574093296682733712e-09
1.573107571876505014e-09
1.572123214849193701e-09
1.571139851108174041e-09
1.570157481162574462e-09
1.569175731690675237e-09
1.568195351096769723e-09
1.567215965825428445e-09
1.566237576385777969e-09
1.565259809918712560e-09
1.564283410613433204e-09
1.563308003028856266e-09
1.562333584855046799e-09
1.561359781812361951e-09
1.560387335761872474e-09
1.559415872192124354e-09
1.558445388793192568e-09
1.557475512210367981e-09
1.556506982453948564e-09
1.555539425938349354e-09
1.554572840353654220e-09
1.553606853266372254e-09
1.552642203079397590e-09
1.551678518308922487e-09
1.550715798060602781e-09
1.549753672234037777e-09
1.548792878575798257e-09
1.547833046756450035e-09
1.546874175881651223e-09
1.545915896764860755e-09
1.544958945324027908e-09
1.544002952144492573e-09
1.543047916331916791e-09
1.542093469609962779e-09
1.541140346075272242e-09
1.540188177183072191e-09
1.539236961832881953e-09
1.538286698882992312e-09
1.537337020942330925e-09
1.536388659593768223e-09
1.535441247220159679e-09
1.534494782679802282e-09
1.533548899483659184e-09
1.532604327409638951e-09
1.531660699743538316e-09
1.530718015343656747e-09
1.529776273068297230e-09
1.528835107550904941e-09
1.527895246205045486e-09
1.526956322848755450e-09
1.526018335630701845e-09
1.525080919368650711e-09
1.524144799096011275e-09
1.523209609407398995e-09
1.522275348451489362e-09
1.521342014376958073e-09
1.520409243114030450e-09
1.519477757470122234e-09
1.518547193153413900e-09
1.517617548312589417e-09
1.516688821096334408e-09
1.515760648543784045e-09
1.514833751257101724e-09
1.513907766064210942e-09
1.512982691125489725e-09
1.512058524601318997e-09
1.511134904642092767e-09
1.510212549647824841e-09
1.509291097549044205e-09
1.508370546506138402e-09
1.507450535546838148e-09
1.506531781315649620e-09
1.505613922621296921e-09
1.504696957624174210e-09
1.503780884928582533e-09
1.502865704914427956e-09
1.501951060582452958e-09
1.501037668620124165e-09
1.500125171810446960e-09
1.499213570977228711e-09
1.498302866944276376e-09
1.497392703797793575e-09
1.496483796053239806e-09
1.495575787580152168e-09
1.494668679202333070e-09
1.493762471743585538e-09
1.492856810370227853e-09
1.491952406541376071e-09
1.491048900732606774e-09
1.490146288397548168e-09
1.489244564989832798e-09
1.488343725963097347e-09
1.487443412402595178e-09
1.486544328712861650e-09
1.485646115764836729e-09
1.484748769012176949e-09
1.483852283908541121e-09
1.482956302607708878e-09
1.482061527376204748e-09
1.481167600154527910e-09
1.480274517613567979e-09
1.479382281293064798e-09
1.478490893949968126e-09
1.477600006316838724e-09
1.476710325411267026e-09
1.475821501753731093e-09
1.474933538101169106e-09
1.474046437210516558e-09
1.473160201838707079e-09
1.472274483986456367e-09
1.471389988133760990e-09
1.470506366070484789e-09
1.469623620553549611e-09
1.468741753208058888e-09
1.467860761131853370e-09
1.466980290795458943e-09
1.466101037365306100e-09
1.465222647102331358e-09
1.464345115972575047e-09
1.463468439942082874e-09
1.462592614976903854e-09
1.461717637043090313e-09
1.460843154072652350e-09
1.459969858307716340e-09
1.459097397472129074e-09
1.458225767531957972e-09
1.457354965244214352e-09
1.456484990529656793e-09
1.455615497310803152e-09
1.454747180084491968e-09
1.453879692566254865e-09
1.453013035467784601e-09
1.452147209500774761e-09
1.451282215376918102e-09
1.450418053807904485e-09
1.449554380159604390e-09
1.448691886040751936e-09
1.447830226611615450e-09
1.446969402583882726e-09
1.446109414060697188e-09
1.445250258711019618e-09
1.444391933595269114e-09
1.443534091861678431e-09
1.442677418599061800e-09
1.441821566751447758e-09
1.440966533379267193e-09
1.440112315542952645e-09
1.439258910302940584e-09
1.438406314719668721e-09
1.437554525853579522e-09
1.436703198479609152e-09
1.435853014431689333e-09
1.435003628769542521e-09
1.434155040990817585e-09
1.433307251080603149e-09
1.432460259023988248e-09
1.431614064806060469e-09
1.430768668411909883e-09
1.429923729155552644e-09
1.429079928565170948e-09
1.428236925753641644e-09
1.427394720706054389e-09
1.426553313407497184e-09
1.425712703843059272e-09
1.424872891997829066e-09
1.424033877819577351e-09
1.423195322038005364e-09
1.422357902751311068e-09
1.421521280452257880e-09
1.420685454902024904e-09
1.419850425861791032e-09
1.419016193092734748e-09
1.418182756356036394e-09
1.417350115412874451e-09
1.416518270024429468e-09
1.415686882671129005e-09
1.414856627873381815e-09
1.414027167913702568e-09
1.413198502113644965e-09
1.412370628036254064e-09
1.411543542804949521e-09
1.410717243543154714e-09
1.409891727374294470e-09
1.409066991421797542e-09
1.408242697301085976e-09
1.407419513347652025e-09
1.406597100980698911e-09
1.405775457323666764e-09
1.404954579499997986e-09
1.404134464633138291e-09
1.403315109846535664e-09
1.402496512963003999e-09
1.401678674602808812e-09
1.400861596085577186e-09
1.400044945175133017e-09
1.399229390496930312e-09
1.398414599620384225e-09
1.397600573865117288e-09
1.396787314550749756e-09
1.395974822996901265e-09
1.395163100523190212e-09
1.394352148449233956e-09
1.393541968094648618e-09
1.392732560779047011e-09
1.391923927038753397e-09
1.391115732847529609e-09
1.390308637876250453e-09
1.389502307123001890e-09
1.388696737207663790e-09
1.387891924750116849e-09
1.387087866370247346e-09
1.386284558687943214e-09
1.385481998323096111e-09
1.384680181895601208e-09
1.383879106025356157e-09
1.383078767332262542e-09
1.382279162436224839e-09
1.381480288564726576e-09
1.380681816430913843e-09
1.379884404379340820e-09
1.379087723540651919e-09
1.378291774180211643e-09
1.377496556563383049e-09
1.376702070955531054e-09
1.375908317622019334e-09
1.375115296828210119e-09
1.374323008839467290e-09
1.373531453921153698e-09
1.372740632338631572e-09
1.371950544357262932e-09
1.371161190209882166e-09
1.370372569999207733e-09
1.369584357493567599e-09
1.368797205554336046e-09
1.368010787762205663e-09
1.367225104187367482e-09
1.366440154900010672e-09
1.365655939970324818e-09
1.364872459468500124e-09
1.364089713464725758e-09
1.363307702029191307e-09
1.362526425232087179e-09
1.361745883143601511e-09
1.360966075440816021e-09
1.360187000228375788e-09
1.359408655217821334e-09
1.358631038120692976e-09
1.357854146648534542e-09
1.357077978512891726e-09
1.356302208286521295e-09
1.355527480143058938e-09
1.354753468470591283e-09
1.353980170980674775e-09
1.353207585384865652e-09
1.352435709394724496e-09
1.351664540721811889e-09
1.350894077211404845e-09
1.350124317243632262e-09
1.349355259332338439e-09
1.348586901991367467e-09
1.347819243734565711e-09
1.347052283075781813e-09
1.346286018528864206e-09
1.345520448607663600e-09
1.344755571826032357e-09
1.343991386697823461e-09
1.343227891736891550e-09
1.342465085457093536e-09
1.341702966372286953e-09
1.340941533573715876e-09
1.340180788462164971e-09
1.339420733015803586e-09
1.338661050275186582e-09
1.337902380274380106e-09
1.337144405873091488e-09
1.336387129049481598e-09
1.335630551781708821e-09
1.334874676047930514e-09
1.334119503826301133e-09
1.333365037094973896e-09
1.332611277832099746e-09
1.331858228015828386e-09
1.331105888493083781e-09
1.330354255585899363e-09
1.329603324485087373e-09
1.328853090381467502e-09
1.328103548465861917e-09
1.327354693929098167e-09
1.326606521962008554e-09
1.325859027755429517e-09
1.325112206500202043e-09
1.324366053387172291e-09
1.323620563607190141e-09
1.322875732351111264e-09
1.322131554809794433e-09
1.321388027481635428e-09
1.320645152095155112e-09
1.319902931686403912e-09
1.319161369291428944e-09
1.318420467946275053e-09
1.317680230686982530e-09
1.316940660549590842e-09
1.316201760570135526e-09
1.315463533784649432e-09
1.314725983229161684e-09
1.313989111939700377e-09
1.313252922952288845e-09
1.312517419302948357e-09
1.311782602996588115e-09
1.311048471913679808e-09
1.310315022903588230e-09
1.309582252815681068e-09
1.308850158499329112e-09
1.308118736803906461e-09
1.307387984578790315e-09
1.306657898673359737e-09
1.305928475936998338e-09
1.305199713219091177e-09
1.304471607369027861e-09
1.303744155236199861e-09
1.303017353670002369e-09
1.302291200034980463e-09
1.301565693756271328e-09
1.300840834774160176e-09
1.300116623028932219e-09
1.299393058460872459e-09
1.298670141010265488e-09
1.297947870617397139e-09
1.297226247222552828e-09
1.296505270766017353e-09
1.295784941188076339e-09
1.295065258429015618e-09
1.294346222429120194e-09
1.293627833128675898e-09
1.292910090232192930e-09
1.292192992501083094e-09
1.291476538460983180e-09
1.290760726637531430e-09
1.290045555556369183e-09
1.289331023743137160e-09
1.288617129723478151e-09
1.287903872023036598e-09
1.287191249167458599e-09
1.286479259682391285e-09
1.285767902093482409e-09
1.285057174926383030e-09
1.284347076706743382e-09
1.283637606267814665e-09
1.282928763673238087e-09
1.282220549294252514e-09
1.281512963502096190e-09
1.280806006668007776e-09
1.280099679163224274e-09
1.279393981358984139e-09
1.278688913626523753e-09
1.277984476337079501e-09
1.277280669861888801e-09
1.276577494572187004e-09
1.275874950839209872e-09
1.275173039034192550e-09
1.274471759147427245e-09
1.273771109645433600e-09
1.273071088613789973e-09
1.272371694138076793e-09
1.271672924303876556e-09
1.270974777196772378e-09
1.270277250902350892e-09
1.269580343506198730e-09
1.268884053093905625e-09
1.268188377751063586e-09
1.267493315563264829e-09
1.266798864616104050e-09
1.266105022995178635e-09
1.265412090722796087e-09
1.264719464951156998e-09
1.264027448085502509e-09
1.263336040872835442e-09
1.262645244060156139e-09
1.261955058394466182e-09
1.261265484622765292e-09
1.260576523492053810e-09
1.259888175749328975e-09
1.259200442141589890e-09
1.258513323415833172e-09
1.257826820319055440e-09
1.257140933598252694e-09
1.256455663411122575e-09
1.255771007558173842e-09
1.255086963250619173e-09
1.254403527699675380e-09
1.253720698116560518e-09
1.253038471712496363e-09
1.252356845698707172e-09
1.251675817286419272e-09
1.250995383686861882e-09
1.250315542111267325e-09
1.249636289770869786e-09
1.248957921451360593e-09
1.248279839053584886e-09
1.247602338038526047e-09
1.246925418185734239e-09
1.246249079788420382e-09
1.245573323139794979e-09
1.244898148533069983e-09
1.244223556261454246e-09
1.243549546618158478e-09
1.242876119896392151e-09
1.242203276389365356e-09
1.241531016390286943e-09
1.240859340192365970e-09
1.240188248088810874e-09
1.239517740372830092e-09
1.238847817422486936e-09
1.238178479955262154e-09
1.237509728773491988e-09
1.236841859368406920e-09
1.236174283005562743e-09
1.235507295335315500e-09
1.234840897159997712e-09
1.234175089281941280e-09
1.233509872503477068e-09
1.232845247626936151e-09
1.232181215454647533e-09
1.231517776788940633e-09
1.230854932432142802e-09
1.230192682543115110e-09
1.229531024706848130e-09
1.228869955864870087e-09
1.228209472958709409e-09
1.227549572929899902e-09
1.226890545038855917e-09
1.226231801432474956e-09
1.225573631528197960e-09
1.224916032267567213e-09
1.224259000592130584e-09
1.223602533443436354e-09
1.222946627763038390e-09
1.222291280492490556e-09
1.221636489138685583e-09
1.220982253469849944e-09
1.220328573819544014e-09
1.219675450521326308e-09
1.219022883908758442e-09
1.218371164605279670e-09
1.217719712209538961e-09
1.217068817500256397e-09
1.216418480810990491e-09
1.215768702475298102e-09
1.215119482826737746e-09
1.214470822198866489e-09
1.213822720925240983e-09
1.213175179267806581e-09
1.212528197202059091e-09
1.211881774631883435e-09
1.211235911461162466e-09
1.210590896030689180e-09
1.209946151216984882e-09
1.209301965514523626e-09
1.208658338827189919e-09
1.208015271058868891e-09
1.207372762113445048e-09
1.206730811894803727e-09
1.206089420306830055e-09
1.205448587253408954e-09
1.204808312236118403e-09
1.204168593147305924e-09
1.203529714232196637e-09
1.202891099318379093e-09
1.202253032803303426e-09
1.201615512177017868e-09
1.200978534929574165e-09
1.200342098551025095e-09
1.199706200531426956e-09
1.199070838360837283e-09
1.198436009529316508e-09
1.197801711526928165e-09
1.197167941843738061e-09
1.196534983746799017e-09
1.195902267835426490e-09
1.195270080965986786e-09
1.194638424754749051e-09
1.194007300817980568e-09
1.193376710771946552e-09
1.192746656232912838e-09
1.192117138817141333e-09
1.191488160140892909e-09
1.190859721820428233e-09
1.190232109060160308e-09
1.189604756150627560e-09
1.188977948445777395e-09
1.188351686865415630e-09
1.187725969543550602e-09
1.187100793917743450e-09
1.186476157425558622e-09
1.185852057504563461e-09
1.185228491592325724e-09
1.184605739374556490e-09
1.183983233644299074e-09
1.183361254235646694e-09
1.182739798586177655e-09
1.182118864133472947e-09
1.181498448315115217e-09
1.180878548568690005e-09
1.180259162930890332e-09
1.179640291834830654e-09
1.179022217231054768e-09
1.178404378167987940e-09
1.177787056743436930e-09
1.177170253989617884e-09
1.176553970938745708e-09
1.175938208623034272e-09
1.175322968074696413e-09
1.174708250325944555e-09
1.174094336153644814e-09
1.173480666954547272e-09
1.172867523651790253e-09
1.172254906717909574e-09
1.171642814386749932e-09
1.171031244332484169e-09
1.170420194229288854e-09
1.169809661751341794e-09
1.169199644572823279e-09
1.168590418801715976e-09
1.167981425099568736e-09
1.167372939719525118e-09
1.166764960335773477e-09
1.166157484622505269e-09
1.165550510253912570e-09
1.164944034904191387e-09
1.164338334294419549e-09
1.163732854241473799e-09
1.163127873739777349e-09
1.162523394218358741e-09
1.161919417106247135e-09
1.161315943832467764e-09
1.160712975826046066e-09
1.160110514516006446e-09
1.159508837602206956e-09
1.158907393828758946e-09
1.158306461038877073e-09
1.157706040661580983e-09
1.157106134125886811e-09
1.156506742176956902e-09
1.155907862824533078e-09
1.155309768665243190e-09
1.154711906341121724e-09
1.154114548591305483e-09
1.153517692741692220e-09
1.152921336118181550e-09
1.152325476046676396e-09
1.151730109853081129e-09
1.151135234863303636e-09
1.150541122538243274e-09
1.149947221792393441e-09
1.149353804228214080e-09
1.148760867732919232e-09
1.148168412438909907e-09
1.147576439039883340e-09
1.146985221517599518e-09
1.146394213848874643e-09
1.145803690156335079e-09
1.145213651133675373e-09
1.144624097474589659e-09
1.144035029872770832e-09
1.143446449021912198e-09
1.142858627920929733e-09
1.142271022513124442e-09
1.141683905937469074e-09
1.141097278630409556e-09
1.140511139999410981e-09
1.139925489194695607e-09
1.139340325366484870e-09
1.138755918993075653e-09
1.138171726429415808e-09
1.137588018293047942e-09
1.137004793734197625e-09
1.136422051903090633e-09
1.135839791949954190e-09
1.135258283520039444e-09
1.134676984635087582e-09
1.134096165078905813e-09
1.133515824012449274e-09
1.132935960639573788e-09
1.132356574174861645e-09
1.131777663832895340e-09
1.131199498356591709e-09
1.130621537766223163e-09
1.130044050942466022e-09
1.129467037099905472e-09
1.128890495453127729e-09
1.128314425216720254e-09
1.127739094309420900e-09
1.127163964400546187e-09
1.126589303545918268e-09
1.126015111151125776e-09
1.125441387385749836e-09
1.124868132610370883e-09
1.124295615069566658e-09
1.123723299219617483e-09
1.123151453441514139e-09
1.122580078095834789e-09
1.122009173543157595e-09
1.121438740144060305e-09
1.120869045326994694e-09
1.120299555181160962e-09
1.119730537270751220e-09
1.119161991956341151e-09
1.118593919086922522e-09
1.118026316465145665e-09
1.117459447637870800e-09
1.116892777249628841e-09
1.116326568982351987e-09
1.115760820127115341e-09
1.115195527974996283e-09
1.114630689817076120e-09
1.114066568392127652e-09
1.113502629961550641e-09
1.112939137398535564e-09
1.112376087994172621e-09
1.111813479039554286e-09
1.111251573544131050e-09
1.110689843816479130e-09
1.110128557705626354e-09
1.109567718149494092e-09
1.109007328086003713e-09
1.108447390453072038e-09
1.107888172164748933e-09
1.107329148073540275e-09
1.106770585226735701e-09
1.106212486562241692e-09
1.105654855017962660e-09
1.105097956843361995e-09
1.104541268220634274e-09
1.103985054317269344e-09
1.103429311997859566e-09
1.102874036912340062e-09
1.102319224710649674e-09
1.101765133560496201e-09
1.101211233944384348e-09
1.100657784162051728e-09
1.100104779863453315e-09
1.099552216698547803e-09
1.099000352176546840e-09
1.098448658097531217e-09
1.097897392102212172e-09
1.097346549840564532e-09
1.096796128147040055e-09
1.096246389797295111e-09
1.095696815010643569e-09
1.095147667878197200e-09
1.094598951156770108e-09
1.094050667603172467e-09
1.093503080524120524e-09
1.092955671446234997e-09
1.092408703806700434e-09
1.091862180362318947e-09
1.091316103869888094e-09
1.090770477086203783e-09
1.090225562537339656e-09
1.089680842430266694e-09
1.089136575013244990e-09
1.088592757753889018e-09
1.088049388119816144e-09
1.087506722700351758e-09
1.086964240590509148e-09
1.086422198508919819e-09
1.085880593923209822e-09
1.085339424301007691e-09
1.084798945586711321e-09
1.084258638165741754e-09
1.083718758111281668e-09
1.083179302890969110e-09
1.082640270346359609e-09
1.082101917649061180e-09
1.081563728713263074e-09
1.081025961212763341e-09
1.080488614858700792e-09
1.079951946684506228e-09
1.079415441628958028e-09
1.078879356853361258e-09
1.078343692068854728e-09
1.077808446986577043e-09
1.077273878002097907e-09
1.076739471330423507e-09
1.076205483494496747e-09
1.075671914435428158e-09
1.075138765014211842e-09
1.074606292370873230e-09
1.074073985371476538e-09
1.073542101282920159e-09
1.073010641196164539e-09
1.072479606202168882e-09
1.071949252808098447e-09
1.071419071146230793e-09
1.070889317850097701e-09
1.070359994010655066e-09
1.069831355630609157e-09
1.069302893851552562e-09
1.068774864177775524e-09
1.068247264578357529e-09
1.067720092398005382e-09
1.067193599264916460e-09
1.066667273831477681e-09
1.066141367851340357e-09
1.065615878669220805e-09
1.065091057412528851e-09
1.064566393735651274e-09
1.064042138891053545e-09
1.063518290223460668e-09
1.062994845077601784e-09
1.062472053957100926e-09
1.061949408428838148e-09
1.061427162443037499e-09
1.060905317330867090e-09
1.060384127085069915e-09
1.059863087589569030e-09
1.059342452961291434e-09
1.058822224531400483e-09
1.058302403631058497e-09
1.057783243633520708e-09
1.057264241662152640e-09
1.056745651213910043e-09
1.056227473619950481e-09
1.055709961759695123e-09
1.055192613276936378e-09
1.054675678836299267e-09
1.054159156963213991e-09
1.053643046183112617e-09
1.053127595954622469e-09
1.052612302814067882e-09
1.052097416342897821e-09
1.051582935066548900e-09
1.051069107953347683e-09
1.050555432520621624e-09
1.050042157859131392e-09
1.049529282494319598e-09
1.049017054905744811e-09
1.048504973748672170e-09
1.047993288424747631e-09
1.047481998419459063e-09
1.046971352685148799e-09
1.046460851652015946e-09
1.045950744394077795e-09
1.045441030396823870e-09
1.044931709145744315e-09
1.044423028986219489e-09
1.043914491562846626e-09
1.043406345342213068e-09
1.042898589809811027e-09
1.042391472827131165e-09
1.041884497327111550e-09
1.041377912892995921e-09
1.040871720931379681e-09
1.040366170742452601e-09
1.039860767825246302e-09
1.039355761600408524e-09
1.038851153474529501e-09
1.038347192266898323e-09
1.037843384438712552e-09
1.037339978929341846e-09
1.036836977145369822e-09
1.036334627426713312e-09
1.035832437193686418e-09
1.035330654078418334e-09
1.034829275350076493e-09
1.034328543905855857e-09
1.033827963157213100e-09
1.033327776120661918e-09
1.032827979237898998e-09
1.032328814929822086e-09
1.031829787560891740e-09
1.031331139670950557e-09
1.030832867701707424e-09
1.030335213599220572e-09
1.029837682678024982e-09
1.029340517002762464e-09
1.028843713960159153e-09
1.028347519747852794e-09
1.027851446297639428e-09
1.027355740870388912e-09
1.026860405577837102e-09
1.026365687090569703e-09
1.025871098284826146e-09
1.025376885949068477e-09
1.024883052195025107e-09
1.024389843222651543e-09
1.023896772849786345e-09
1.023404087393901950e-09
1.022911788966718909e-09
1.022420122773486537e-09
1.021928600943059904e-09
1.021437466170166214e-09
1.020946717413315797e-09
1.020456596782396211e-09
1.019966616816476280e-09
1.019477019742229883e-09
1.018987804518171281e-09
1.018499212787964635e-09
1.018010758023499445e-09
1.017522681984862029e-09
1.017035225967000154e-09
1.016547904139514040e-09
1.016060957953424926e-09
1.015574386566862506e-09
1.015088431050605914e-09
1.014602606741553625e-09
1.014117154826278063e-09
1.013632074502834243e-09
1.013147606379720452e-09
1.012663266718757300e-09
1.012179296243883368e-09
1.011695694153155737e-09
1.011212700594204054e-09
1.010729832750946861e-09
1.010247330886101513e-09
1.009765434955360734e-09
1.009283663596369567e-09
1.008802257643637067e-09
1.008321217212012090e-09
1.007840782562747882e-09
1.007360473403496616e-09
1.006880530109988164e-09
1.006400952797070763e-09
1.005921981268960311e-09
1.005443136147731298e-09
1.004964657351727387e-09
1.004486784343301271e-09
1.004009038428513374e-09
1.003531658975428140e-09
1.003054645058116549e-09
1.002578234435405145e-09
1.002101948073962557e-09
1.001626023846134908e-09
1.001150460617843102e-09
1.000675495694704942e-09
1.000200650950159539e-09
9.997261638030018226e-10
9.992522712198426471e-10
9.987784957523997156e-10
9.983050744802049976e-10
9.978320062691851877e-10
9.973595279720870420e-10
9.968871647274410347e-10
9.964151551853870825e-10
9.959437375462422170e-10
9.954724379602307071e-10
9.950014947399974030e-10
9.945309087732406916e-10
9.940609178118075733e-10
9.935910489031942858e-10
9.931215399112354697e-10
9.926526282523212322e-10
9.921838416451111995e-10
9.917154176177260727e-10
9.912473565872073622e-10
9.907798931706156422e-10
9.903125531551719326e-10
9.898455707986744832e-10
9.893791799138886546e-10
9.889129069555913142e-10
9.884469858476824332e-10
9.879814146539507802e-10
9.875164267434796126e-10
9.870515494587627967e-10
9.865870162796836060e-10
9.861230602434316918e-10
9.856592093565478674e-10
9.851956971956597626e-10
9.847325239689840403e-10
9.842699248456159727e-10
9.838074312885164714e-10
9.833452785770080017e-10
9.828837015499862955e-10
9.824222323310499866e-10
9.819611058690788090e-10
9.815003228011689248e-10
9.810401175270913146e-10
9.805800230490154745e-10
9.801202738763684101e-10
9.796611040804394088e-10
9.792020472347070071e-10
9.787433370903864702e-10
9.782852068756456683e-10
9.778271903902038599e-10
9.773695209713923547e-10
9.769121987409233350e-10
9.764554564911364414e-10
9.759988288937366101e-10
9.755425488498968755e-10
9.750868488259542456e-10
9.746312641458662489e-10
9.741760273845549263e-10
9.737213706831001494e-10
9.732668296989244893e-10
9.728126350949571563e-10
9.723587850891262356e-10
9.719055094862110963e-10
9.714523432225195515e-10
9.709995162108402854e-10
9.705472579324220636e-10
9.700951039708886777e-10
9.696432839152568787e-10
9.691920269239628212e-10
9.687408692265055339e-10
9.682900400888509287e-10
9.678397683473322708e-10
9.673895913630810906e-10
9.669397405156170920e-10
9.664902169459563140e-10
9.660412519851148638e-10
9.655923862872040278e-10
9.651438512902183548e-10
9.646958780047012286e-10
9.642480077259364437e-10
9.638004715712092518e-10
9.633535002313066516e-10
9.629066356412574387e-10
9.624601085983514244e-10
9.620141494743378355e-10
9.615683003802347604e-10
9.611227894824650470e-10
9.606776151481282577e-10
9.602330045508164723e-10
9.597884983387855722e-10
9.593443237915733438e-10
9.589007077654223707e-10
